Timings arrays [[110, 0.24201177309996638], [131, 0.4075820486999874], [154, 0.6630600516999948], [179, 1.0487853401999927], [206, 1.5919007997000336], [235, 2.359491902799982], [266, 3.4304030751000028], [299, 4.870665918199938], [334, 6.899894715400023], [371, 9.369541265299995], [410, 12.732639343899972]]

Timings bbrec [[5.00000000e+00 2.75019993e-07]
 [1.20000000e+01 3.85720014e-07]
 [2.80000000e+01 5.06750002e-07]
 [6.40000000e+01 7.21649994e-07]
 [1.44000000e+02 8.37369989e-07]
 [3.20000000e+02 9.48779998e-07]
 [7.04000000e+02 1.06459000e-06]
 [1.53600000e+03 1.18091000e-06]
 [3.32800000e+03 1.29071999e-06]
 [7.16800000e+03 1.45172000e-06]]

Timings bbi [[5.00000000e+00 4.27100003e-07]
 [1.20000000e+01 5.29789995e-07]
 [2.80000000e+01 6.89589997e-07]
 [6.40000000e+01 5.57240000e-07]
 [1.44000000e+02 6.31680014e-07]
 [3.20000000e+02 7.18149986e-07]
 [7.04000000e+02 8.18930002e-07]
 [1.53600000e+03 9.05700017e-07]
 [3.32800000e+03 1.01390000e-06]
 [7.16800000e+03 1.09435001e-06]]

Timings arrays dot [[110, 3.089366661394403e-05]]

Timings arrays dot [[110, 3.089366661394403e-05], [131, 4.0023250069983383e-05]]

Timings arrays dot [[110, 3.089366661394403e-05], [131, 4.0023250069983383e-05], [154, 5.414883344201371e-05]]

Timings arrays dot [[110, 3.089366661394403e-05], [131, 4.0023250069983383e-05], [154, 5.414883344201371e-05], [179, 7.692975001797701e-05]]

Timings arrays dot [[110, 3.089366661394403e-05], [131, 4.0023250069983383e-05], [154, 5.414883344201371e-05], [179, 7.692975001797701e-05], [206, 0.00010166025003854884]]

Timings arrays dot [[110, 3.089366661394403e-05], [131, 4.0023250069983383e-05], [154, 5.414883344201371e-05], [179, 7.692975001797701e-05], [206, 0.00010166025003854884], [235, 0.00030453566660071374]]

Timings arrays dot [[110, 3.089366661394403e-05], [131, 4.0023250069983383e-05], [154, 5.414883344201371e-05], [179, 7.692975001797701e-05], [206, 0.00010166025003854884], [235, 0.00030453566660071374], [266, 0.0002550314167516869]]

Timings arrays dot [[110, 3.089366661394403e-05], [131, 4.0023250069983383e-05], [154, 5.414883344201371e-05], [179, 7.692975001797701e-05], [206, 0.00010166025003854884], [235, 0.00030453566660071374], [266, 0.0002550314167516869], [299, 0.00034602916669731104]]

Timings arrays dot [[110, 3.089366661394403e-05], [131, 4.0023250069983383e-05], [154, 5.414883344201371e-05], [179, 7.692975001797701e-05], [206, 0.00010166025003854884], [235, 0.00030453566660071374], [266, 0.0002550314167516869], [299, 0.00034602916669731104], [334, 0.00046180333341302077]]

Timings arrays dot [[110, 3.089366661394403e-05], [131, 4.0023250069983383e-05], [154, 5.414883344201371e-05], [179, 7.692975001797701e-05], [206, 0.00010166025003854884], [235, 0.00030453566660071374], [266, 0.0002550314167516869], [299, 0.00034602916669731104], [334, 0.00046180333341302077], [371, 0.0007261509167619806]]

Timings arrays dot [[110, 3.089366661394403e-05], [131, 4.0023250069983383e-05], [154, 5.414883344201371e-05], [179, 7.692975001797701e-05], [206, 0.00010166025003854884], [235, 0.00030453566660071374], [266, 0.0002550314167516869], [299, 0.00034602916669731104], [334, 0.00046180333341302077], [371, 0.0007261509167619806], [410, 0.0014667566667109593]]

Timings arrays dot [[110, 3.089366661394403e-05], [131, 4.0023250069983383e-05], [154, 5.414883344201371e-05], [179, 7.692975001797701e-05], [206, 0.00010166025003854884], [235, 0.00030453566660071374], [266, 0.0002550314167516869], [299, 0.00034602916669731104], [334, 0.00046180333341302077], [371, 0.0007261509167619806], [410, 0.0014667566667109593], [451, 0.002100553749945296]]

Timings arrays dot [[110, 3.089366661394403e-05], [131, 4.0023250069983383e-05], [154, 5.414883344201371e-05], [179, 7.692975001797701e-05], [206, 0.00010166025003854884], [235, 0.00030453566660071374], [266, 0.0002550314167516869], [299, 0.00034602916669731104], [334, 0.00046180333341302077], [371, 0.0007261509167619806], [410, 0.0014667566667109593], [451, 0.002100553749945296], [494, 0.002050467916736428]]

Timings arrays dot [[110, 3.089366661394403e-05], [131, 4.0023250069983383e-05], [154, 5.414883344201371e-05], [179, 7.692975001797701e-05], [206, 0.00010166025003854884], [235, 0.00030453566660071374], [266, 0.0002550314167516869], [299, 0.00034602916669731104], [334, 0.00046180333341302077], [371, 0.0007261509167619806], [410, 0.0014667566667109593], [451, 0.002100553749945296], [494, 0.002050467916736428], [539, 0.0026199774165434064]]

Timings arrays dot [[110, 3.089366661394403e-05], [131, 4.0023250069983383e-05], [154, 5.414883344201371e-05], [179, 7.692975001797701e-05], [206, 0.00010166025003854884], [235, 0.00030453566660071374], [266, 0.0002550314167516869], [299, 0.00034602916669731104], [334, 0.00046180333341302077], [371, 0.0007261509167619806], [410, 0.0014667566667109593], [451, 0.002100553749945296], [494, 0.002050467916736428], [539, 0.0026199774165434064], [586, 0.0030436599166326537]]

Timings arrays dot [[110, 3.089366661394403e-05], [131, 4.0023250069983383e-05], [154, 5.414883344201371e-05], [179, 7.692975001797701e-05], [206, 0.00010166025003854884], [235, 0.00030453566660071374], [266, 0.0002550314167516869], [299, 0.00034602916669731104], [334, 0.00046180333341302077], [371, 0.0007261509167619806], [410, 0.0014667566667109593], [451, 0.002100553749945296], [494, 0.002050467916736428], [539, 0.0026199774165434064], [586, 0.0030436599166326537], [635, 0.0033097039167842013]]

Timings arrays dot [[110, 3.089366661394403e-05], [131, 4.0023250069983383e-05], [154, 5.414883344201371e-05], [179, 7.692975001797701e-05], [206, 0.00010166025003854884], [235, 0.00030453566660071374], [266, 0.0002550314167516869], [299, 0.00034602916669731104], [334, 0.00046180333341302077], [371, 0.0007261509167619806], [410, 0.0014667566667109593], [451, 0.002100553749945296], [494, 0.002050467916736428], [539, 0.0026199774165434064], [586, 0.0030436599166326537], [635, 0.0033097039167842013], [686, 0.004129372916698533]]

Timings arrays dot [[110, 3.089366661394403e-05], [131, 4.0023250069983383e-05], [154, 5.414883344201371e-05], [179, 7.692975001797701e-05], [206, 0.00010166025003854884], [235, 0.00030453566660071374], [266, 0.0002550314167516869], [299, 0.00034602916669731104], [334, 0.00046180333341302077], [371, 0.0007261509167619806], [410, 0.0014667566667109593], [451, 0.002100553749945296], [494, 0.002050467916736428], [539, 0.0026199774165434064], [586, 0.0030436599166326537], [635, 0.0033097039167842013], [686, 0.004129372916698533], [739, 0.00584256699994512]]

Timings arrays dot [[110, 3.089366661394403e-05], [131, 4.0023250069983383e-05], [154, 5.414883344201371e-05], [179, 7.692975001797701e-05], [206, 0.00010166025003854884], [235, 0.00030453566660071374], [266, 0.0002550314167516869], [299, 0.00034602916669731104], [334, 0.00046180333341302077], [371, 0.0007261509167619806], [410, 0.0014667566667109593], [451, 0.002100553749945296], [494, 0.002050467916736428], [539, 0.0026199774165434064], [586, 0.0030436599166326537], [635, 0.0033097039167842013], [686, 0.004129372916698533], [739, 0.00584256699994512], [794, 0.005835797333323474]]

Timings arrays dot [[110, 3.089366661394403e-05], [131, 4.0023250069983383e-05], [154, 5.414883344201371e-05], [179, 7.692975001797701e-05], [206, 0.00010166025003854884], [235, 0.00030453566660071374], [266, 0.0002550314167516869], [299, 0.00034602916669731104], [334, 0.00046180333341302077], [371, 0.0007261509167619806], [410, 0.0014667566667109593], [451, 0.002100553749945296], [494, 0.002050467916736428], [539, 0.0026199774165434064], [586, 0.0030436599166326537], [635, 0.0033097039167842013], [686, 0.004129372916698533], [739, 0.00584256699994512], [794, 0.005835797333323474], [851, 0.00786196699997769]]

Timings minheap [[5, 1.2306999997235834e-06]]

Timings minheap [[5, 1.2306999997235834e-06], [12, 2.2928900034457913e-06]]

Timings minheap [[5, 1.2306999997235834e-06], [12, 2.2928900034457913e-06], [28, 4.938340007356601e-06]]

Timings minheap [[5, 1.2306999997235834e-06], [12, 2.2928900034457913e-06], [28, 4.938340007356601e-06], [64, 1.0588519999146228e-05]]

Timings minheap [[5, 1.2306999997235834e-06], [12, 2.2928900034457913e-06], [28, 4.938340007356601e-06], [64, 1.0588519999146228e-05], [144, 2.0857729996350827e-05]]

Timings minheap [[5, 1.2306999997235834e-06], [12, 2.2928900034457913e-06], [28, 4.938340007356601e-06], [64, 1.0588519999146228e-05], [144, 2.0857729996350827e-05], [320, 3.0605169995396865e-05]]

Timings minheap [[5, 1.2306999997235834e-06], [12, 2.2928900034457913e-06], [28, 4.938340007356601e-06], [64, 1.0588519999146228e-05], [144, 2.0857729996350827e-05], [320, 3.0605169995396865e-05], [704, 6.885248001708532e-05]]

Timings minheap [[5, 1.2306999997235834e-06], [12, 2.2928900034457913e-06], [28, 4.938340007356601e-06], [64, 1.0588519999146228e-05], [144, 2.0857729996350827e-05], [320, 3.0605169995396865e-05], [704, 6.885248001708532e-05], [1536, 0.00015335231999415554]]

Timings minheap [[5, 1.2306999997235834e-06], [12, 2.2928900034457913e-06], [28, 4.938340007356601e-06], [64, 1.0588519999146228e-05], [144, 2.0857729996350827e-05], [320, 3.0605169995396865e-05], [704, 6.885248001708532e-05], [1536, 0.00015335231999415554], [3328, 0.00033096264998675904]]

Timings minheap [[5, 1.2306999997235834e-06], [12, 2.2928900034457913e-06], [28, 4.938340007356601e-06], [64, 1.0588519999146228e-05], [144, 2.0857729996350827e-05], [320, 3.0605169995396865e-05], [704, 6.885248001708532e-05], [1536, 0.00015335231999415554], [3328, 0.00033096264998675904], [7168, 0.0007166193299963197]]

Timings minheapshort [[5, 5.503800002770731e-06]]

Timings minheapshort [[5, 5.503800002770731e-06], [12, 1.9603490000008605e-05]]

Timings minheapshort [[5, 5.503800002770731e-06], [12, 1.9603490000008605e-05], [28, 8.363281000129064e-05]]

Timings minheapshort [[5, 5.503800002770731e-06], [12, 1.9603490000008605e-05], [28, 8.363281000129064e-05], [64, 0.0003896353900017857]]

Timings minheapshort [[5, 5.503800002770731e-06], [12, 1.9603490000008605e-05], [28, 8.363281000129064e-05], [64, 0.0003896353900017857], [144, 0.001868777889994817]]

Timings minheapshort [[5, 5.503800002770731e-06], [12, 1.9603490000008605e-05], [28, 8.363281000129064e-05], [64, 0.0003896353900017857], [144, 0.001868777889994817], [320, 0.009100597130000096]]

Timings minheapshort [[5, 5.503800002770731e-06], [12, 1.9603490000008605e-05], [28, 8.363281000129064e-05], [64, 0.0003896353900017857], [144, 0.001868777889994817], [320, 0.009100597130000096], [704, 0.04549981111000306]]

Timings minheapshort [[5, 5.503800002770731e-06], [12, 1.9603490000008605e-05], [28, 8.363281000129064e-05], [64, 0.0003896353900017857], [144, 0.001868777889994817], [320, 0.009100597130000096], [704, 0.04549981111000306], [1536, 0.21982962678999685]]

Timings minheapshort [[5, 5.503800002770731e-06], [12, 1.9603490000008605e-05], [28, 8.363281000129064e-05], [64, 0.0003896353900017857], [144, 0.001868777889994817], [320, 0.009100597130000096], [704, 0.04549981111000306], [1536, 0.21982962678999685], [3328, 1.0429404538400013]]